5
2
1648
0
0
0
5
2863
0
0
92
0
2
4751
701
639
5317
4
4751
5116
5317
607
1178
1759
5317
933
2420
17
5317
1165
5
8
20
0
404
2
5
404
0
5317
5317
5317
5317
10
70
2420
0
0
0
5116
15
1268
4751
701
639
749
701
639
5116
7
0
501
689
0
701
639
9
1
5116
0
5
1474
1
701
639
4751
3
289
0
0
168
587
701
639
667
701
639
1903
2653
5
0
0
701
639
567
0
87
1
1
8
4
0
0
443
701
639
3830
0
5
701
639
701
639
701
639
701
639
835
701
639
0
701
639
0
1
2653
23
1
784
1973
56
2653
4004
1740
1740
1
5116
1361
1689
10
1740
11
0
421
0
1
65
0
719
0
1740
0
1356
1866
0
4479
3
5116
0
5
1
5116
4
497
1249
608
2653
77
1301
0
4
3317
168
0
0
637
5116
1
0
5116
1096
701
639
0
701
639
701
639
701
639
1
360
0
3
616
4
1
5116
4751
5
230
1740
1740
1
1740
31
1463
461
1740
1740
0
0
1
289
0
224
0
3840
2653
1302
0
0
0
437
0
14
0
0
0
1
3
3093
5
5116
2220
1
0
0
784
1970
1
4004
5116
223
5439
13
15
3
5
90
0
4751
375
0
0
1
1
87
15
0
5116
1
4
5
31
145
5
1581
0
670
368
5
0
81
0
0
1569
1092
0
0
5116
255
31
0
0
2678
1125
209
4751
289
5
316
68
88
0
4
4
5
0
0
5
0
5
1611
0
1
1
122
0
1010
368
1272
1
2
317
317
3
317
538
2389
23
424
44
0
317
317
317
317
317
317
317
317
317
552
0
1523
4751
86
1706
0
1461
0
1
2550
289
1081
0
61
2
133
291
5
87
3830
5
0
26
701
639
5
0
20
1811
1993
373
0
5116
2
5116
614
106
15
0
5116
1
0
5116
5
1466
5
106
322
1
373
3181
504
9
0
23
5116
6
0
5116
5116
881
4751
5116
5116
4751
5116
5317
0
1
373
795
5317
5317
784
5116
5317
0
2
294
169
0
2653
414
5317
25
5317
5317
0
0
5317
81
795
4751
795
795
5317
1163
5317
795
2900
716
670
1
0
0
7
795
1
5116
1
572
0
0
368
6505
6505
6505
1021
1
11
11
4479
47
1554
347
5
1713
2653
1
1502
1502
1561
117
1502
2186
1
5116
5116
5116
2550
56
56
56
56
2662
2186
6
870
59
0
5116
4004
485
410
410
1502
1502
1502
5
4358
1725
56
2186
3108
0
934
1
180
0
4751
1502
0
917
5116
1502
5116
4751
2220
56
56
56
56
1
750
4
2162
944
1
5116
5116
349
340
306
0
0
0
1740
0
1937
1740
8
2653
155
1740
4751
1740
5116
1075
8
0
1
2653
2
3
1058
2653
894
3
0
5116
0
15
0
1
2653
1187
2162
3840
1502
1502
2653
1740
5116
0
5
4751
0
1
1
7
0
0
373
5116
26
5116
5
499
45
5116
4
2
343
5116
5116
5116
825
5
637
15
5
5116
5116
5116
1502
4751
1502
373
0
25
20
5
5116
0
2
482
5116
5
5116
490
5116
31
0
0
123
23
0
340
1629
684
21
0
373
6505
6505
6505
2186
0
1
0
5
0
0
5116
279
98
1207
5116
499
1
964
2653
2177
373
2177
2177
2177
2177
2177
2177
2177
2177
2177
2177
2177
0
2177
2177
447
701
13
2177
460
1
171
359
373
2420
651
0
5
0
5116
1343
1292
5
0
230
1
1442
763
38
0
70
0
784
0
3114
1
789
0
0
5116
12
3353
0
0
102
5116
0
0
1
1
369
5116
36
5
683
1
5116
0
0
0
0
177
5
554
1
0
5
5116
4
407
720
46
2653
0
2
5
62
2550
25
19
5317
5317
5317
2220
5317
5317
3
2
5317
5317
84
5317
5317
0
1799
1
5317
5317
5317
92
1
5116
0
308
373
140
20
124
128
750
5
0
0
0
176
1713
194
92
70
0
0
0
44
2220
2293
34
0
1685
2653
373
0
5
98
1207
140
140
140
0
140
1915
140
140
175
4
5
235
235
5116
140
5116
0
1676
138
3231
4751
0
1469
7
1122
3
0
25
1131
3
1
911
5
340
98
1207
1847
4
3231
0
3231
13
5116
4751
5116
512
71
0
5
764
0
3443
1121
3106
0
1373
1713
2653
5
0
0
1280
9
3830
763
0
340
1
0
2
1710
1994
0
2550
0
0
0
5
1
71
5116
4
4587
4587
2420
4
2653
1532
0
4
2420
151
2241
569
285
0
2653
2653
3022
566
381
0
340
1
3318
603
5116
0
44
0
1438
117
5116
288
2653
5
5116
5116
5116
5116
3953
5116
5116
5116
5116
5
5116
5116
5116
5116
0
5116
2
64
23
0
0
5116
0
53
5
4751
2287
92
69
4479
498
0
0
15
0
5116
1223
126
15
0
0
4751
340
340
266
1125
0
403
4297
340
0
1482
1420
136
0
5116
2177
2420
88
2177
5
0
2177
2177
3364
31
1433
5116
0
5
0
2420
5116
31
15
4751
0
964
1528
0
5
2206
78
78
0
705
340
5116
3095
4
0
0
1
10
59
476
1
0
0
795
795
1528
5454
795
795
82
795
235
235
1
0
719
4751
2653
509
2653
1
2420
795
3378
304
715
1178
31
0
1149
0
21
1012
0
5116
189
2665
0
2653
5116
1
0
5116
523
5317
0
4297
4004
70
0
0
9
26
9
97
52
0
65
0
5116
100
5317
394
131
340
5317
2550
1
1483
602
0
1
1120
5116
0
39
18
2653
5317
5317
65
5317
0
3184
0
5116
3221
5116
0
2
4004
1
0
2550
8
0
5116
4751
5
1343
1292
5
5116
926
373
98
1207
65
0
5116
280
280
0
280
280
280
20
2596
3245
5
0
20
5
1185
280
2343
280
4751
0
1
2653
3231
1912
508
117
2653
0
5
4751
5116
5116
0
644
74
0
0
1721
2
78
0
0
5116
136
2583
4751
1
5116
0
2029
30
340
0
0
7
87
31
4751
5116
5
86
5116
3
5116
1096
1096
0
2
125
0
16
5116
3231
5116
5116
5116
3231
3286
5116
0
5116
0
418
0
280
87
0
5116
5116
5116
0
0
2220
1343
1292
605
373
0
0
0
43
0
13
0
5116
277
4751
289
0
1059
3
3785
0
5116
18
5
5116
5116
5116
0
0
707
1783
5
15
15
62
4751
1
2583
2022
2653
5116
0
3175
517
35
0
2220
0
0
5
0
92
5
857
5116
333
493
373
784
2653
98
1207
4692
25
1232
5116
5116
5
5
61
2
4751
1
5
3
340
5
5116
87
2583
5116
0
4004
1116
31
3737
1548
4751
1
0
5
0
0
5116
2665
1011
15
0
12
144
790
0
4751
3958
2665
5116
26
1
1125
539
0
2246
355
398
0
0
1866
0
2
4004
373
0
208
4751
0
1082
0
800
800
3
1866
5116
1866
289
829
2
205
25
3290
92
0
249
0
340
5116
124
0
238
5116
615
2325
12
0
0
381
381
4
589
5
678
4327
0
1220
5116
5116
5116
25
1176
0
535
784
0
2056
43
3
3
5
1866
13
455
0
5116
1547
0
0
266
0
4751
357
2499
5116
50
1
0
5
600
5
257
852
0
1713
362
2220
16
2
0
0
0
0
98
1207
0
0
0
5
4751
0
477
5116
2162
0
66
5
12
4
0
25
25
25
0
100
25
1528
5
3286
27
3286
13
53
887
2913
3231
0
3231
3231
3
366
5
1752
727
280
280
280
280
280
280
13
5
4196
280
280
280
70
280
2453
5
2461
98
1207
5
5116
0
0
250
2805
1
1578
811
2
3023
1725
55
78
0
6
4751
5
3069
47
473
5
0
2420
602
1219
5116
1578
3
2596
3245
0
1
3
4751
826
6
0
0
2
2
4751
1373
5116
2596
3245
0
1
199
85
221
1
25
5
25
2420
25
2550
5116
1592
4
6
5
1
0
2456
3
0
2420
2420
2002
5
0
5
0
0
1
0
2420
2420
13
0
4751
5
92
27
37
2653
4751
1
1728
1970
2568
2
0
1258
5
4751
92
5
1024
522
194
148
5116
1
1
31
15
2029
87
4751
0
770
1
1076
1856
289
1105
20
2279
34
31
2420
5116
2653
0
1495
2420
1
6505
6505
6505
0
2420
2420
0
219
74
0
0
13
6
1
3
0
0
0
5116
197
2
872
1
373
0
2596
3245
1
1
0
0
0
4751
0
602
0
16
6
872
5116
6
0
5116
618
4297
0
1
5
151
31
1
2420
2177
2653
4692
2177
241
6
2177
2177
2177
0
5
6
2488
6
887
2913
373
6505
6505
6505
6
6
1
3041
83
545
6
5
92
373
0
6
0
0
2653
2653
0
0
2653
0
1295
0
0
0
4751
2397
2653
5116
6505
6505
6505
0
108
0
1843
0
6
1528
1
319
772
4751
6
4191
0
0
4751
5116
230
4751
64
1970
5116
0
13
4751
3971
1
964
1970
0
4751
4751
0
87
4836
5
226
179
4
2934
2969
978
5
5116
23
5
2653
373
5116
2653
1
0
5116
3
677
2420
0
5
2653
373
4751
0
48
0
185
1970
5116
4751
2299
1895
5116
4111
5116
0
0
0
3752
4751
3
2914
4297
180
773
1388
4751
2
5116
602
5
0
4004
196
1
5
2420
4751
5
2420
0
784
5116
0
6
1164
1725
56
2888
4004
5
0
5
4751
4751
7
5
5452
27
4587
4587
4587
4587
219
0
92
5
0
5116
2343
65
945
2420
0
784
1
6
1
4004
259
566
1308
0
5116
5116
6505
39
5
5
5116
1125
0
1600
5116
0
4751
0
15
5116
4751
2420
4587
4587
0
2653
5
5
0
0
0
1
3433
0
1528
5
2420
0
373
4751
0
0
2653
0
5929
1441
0
323
5116
0
2653
1569
5
0
2653
2653
92
5
0
373
1
0
0
1
0
1846
784
2420
5116
108
0
37
5
1429
0
5116
1
373
43
3175
0
1
87
0
0
997
2343
4751
0
1
1
6505
6505
6505
5116
4751
5116
5
1299
373
4751
17
91
2420
0
5116
1560
53
6505
6505
6505
5
405
405
1
0
0
1528
5
5116
5116
5116
4297
0
4751
226
2653
5116
4111
100
5116
8
0
0
103
1
2653
4038
0
4751
160
716
1861
21
1484
235
165
5116
2596
3245
5116
5
2653
0
0
223
4751
4751
632
373
317
0
2653
1
0
0
1
402
4751
3180
784
2220
10
5
5116
404
1024
62
3008
1209
3
0
1209
0
1568
2550
98
1207
186
186
0
132
1209
0
15
205
4297
4692
4751
1568
0
0
0
5116
1528
2220
595
4751
5116
0
280
280
280
0
280
0
179
280
179
280
179
179
280
4751
5116
4751
5116
5116
61
0
280
5
0
280
0
0
2420
0
2372
0
0
4751
5
1330
5116
5116
5116
205
179
2283
5116
5116
0
0
2653
5
2066
43
3231
3231
117
0
179
179
5116
0
243
12
1725
55
224
5
766
0
5116
4751
0
0
5116
0
189
5116
0
6523
3539
3539
196
729
1
5116
5116
73
4
2653
87
30
6
0
1185
0
779
70
73
0
25
0
73
1647
5
1
0
0
15
373
0
2653
2397
5116
0
2653
1614
1590
0
0
0
1006
5116
5116
10
0
1
460
5
950
0
12
1918
0
720
4751
0
157
4297
205
5
397
4751
0
0
126
3575
0
857
4751
5116
0
0
0
5116
0
3249
5116
1484
1
0
1528
5
609
88
25
0
25
0
0
23
4111
70
92
0
4751
0
69
2162
1
94
5
405
405
1279
2
0
1279
5116
2782
4004
4
0
1279
5116
5
1279
1
73
1279
1279
373
5
0
2596
3245
373
5116
2
5116
3
0
4751
92
0
4751
0
5
2653
5
1
0
5116
0
438
0
100
4
12
5116
0
1
0
5
5
0
0
0
289
45
0
5116
0
47
2635
4751
5116
4004
2849
5
25
5116
624
5
5116
2238
5116
373
1970
5116
5
4751
1
1
5116
5
2653
143
1079
5
5116
1123
2596
3245
5116
1086
5116
0
5116
1359
5317
5317
5
5317
2966
4751
4751
5317
853
5317
0
2
0
0
47
5317
1528
0
964
5116
52
2653
5
5
20
5317
92
2653
5116
5116
3231
4
3231
405
405
1213
3231
1
5
3231
3231
1998
3286
3231
5
5
0
280
1
4297
373
0
285
252
157
100
1544
0
280
5
15
280
280
280
3231
373
70
3231
0
280
23
280
884
280
1012
4751
0
280
280
153
0
0
280
2898
2966
0
546
124
1484
126
373
230
6
0
2420
115
6
6
6
0
96
96
4751
0
12
0
0
1
0
1
0
0
5116
0
0
34
0
62
0
0
0
0
5116
5116
964
180
0
0
0
5116
4297
1
47
418
2653
0
1
2420
88
4751
0
4751
0
6
5
0
0
1
4751
47
517
37
6
0
2409
69
0
1484
5116
1
1
0
2477
0
0
4751
0
6
1371
0
5116
1970
5116
2653
2420
4004
244
0
646
50
5116
716
5116
1
0
0
0
58
2653
0
1410
4751
0
0
1291
21
5116
4297
4692
0
2
0
2220
2420
5116
4751
6
0
23
23
0
1
6
1219
0
716
0
83
89
289
7
0
0
1
5116
5116
4
6
5116
4751
5116
419
6
118
1
1528
6
92
0
5116
839
0
0
1629
731
1476
4
0
0
5
4751
2420
246
4358
5
1278
2420
0
5
0
0
1
57
5
156
2653
2653
139
0
5
5
2420
2
1
2653
5
72
70
5116
5
4
1
1
5116
5116
83
1970
2645
5116
3572
53
5116
1044
4751
3231
15
1
2
180
3359
5116
4751
764
1
5116
5116
373
2653
0
5317
373
1
0
20
2420
0
0
31
116
5116
4297
9
1475
1
5116
2046
1
498
1
29
1589
5116
3231
2653
3231
0
0
4751
0
5116
487
1
0
5317
5
0
4751
2910
5
1528
5317
556
5
40
0
2343
0
603
720
5317
2420
2653
87
0
5317
1
964
173
1
5317
4751
5116
224
5116
2420
0
5116
20
0
20
0
5317
0
0
2
61
5
539
4358
561
390
0
5116
5116
280
4751
280
0
5116
280
42
83
280
280
0
280
2596
3245
0
373
373
0
15
616
13
5116
616
616
616
0
1482
1970
1
2775
2028
964
5
4751
323
0
5
0
1
129
2596
3245
707
1519
0
0
86
5116
5116
1191
0
7
8
4751
0
5116
4
5
2364
4751
5116
4751
732
5
16
0
15
31
2653
4993
1
0
0
16
111
6
0
1
70
45
2
373
17
414
3
1547
5116
5116
0
5116
5116
4751
5116
0
5116
1382
0
827
3876
831
167
4751
0
6
4751
0
0
15
0
0
4751
4
940
305
5
0
5116
154
517
5116
5116
5116
5116
5116
4751
2
5
4751
47
90
4
5
20
5116
966
517
127
0
128
0
5
2653
27
2192
0
1632
702
2653
794
5116
5
823
2596
3245
92
0
373
23
630
5
289
1
0
519
0
2
5116
1044
0
1918
3231
1287
3231
110
5116
0
2653
1
2220
5116
5116
5116
154
5116
4751
4751
373
373
17
5
1
2662
0
48
164
37
242
0
4751
0
863
1528
3231
117
4751
0
3231
2162
0
3286
1
3231
3231
3231
5
1
0
129
205
429
1283
0
3614
0
5116
446
0
0
4751
0
31
4
0
0
1
1
0
4
4004
0
25
5
0
0
0
2596
3245
205
5116
1081
1
5116
4751
0
0
5116
4004
569
0
5
616
616
0
0
1279
1279
0
5116
2550
1279
1279
2653
6
0
5
4
17
5
19
5
0
635
5
0
0
0
2653
96
0
2029
3130
5116
0
20
20
5
517
7
0
0
5
5116
132
3
0
4751
3175
1223
1024
5116
4751
129
2653
646
0
323
0
5317
92
0
5116
2420
0
1803
126
1081
0
1
5116
0
2
27
333
0
4751
188
0
5
2
1449
5116
280
1081
5317
280
280
0
280
1391
5116
280
1
280
4751
5
280
47
280
1081
7
4114
0
0
1
4751
1528
0
413
1
0
5
25
5116
0
5
1330
0
5
52
202
983
5
0
356
0
2653
0
5116
62
0
373
89
0
964
2653
5116
5116
0
1838
0
2177
0
17
0
4
4751
957
1429
0
0
377
2177
5116
609
5116
219
1125
2177
2177
5116
5116
5
5
5116
74
6
15
6
5
0
196
3609
102
2653
517
0
2596
3245
0
5
1
413
0
1
2731
4004
1133
34
0
5
109
24
0
0
0
0
5
6
312
0
203
269
3342
872
2
0
1
106
2653
5
126
77
0
5116
4751
0
205
37
5116
45
1
5
1
356
1679
19
5116
4751
5
89
3231
371
1086
5
5
0
5116
2
12
5116
5116
5116
0
0
89
3231
1334
296
0
99
1
2420
3
0
0
5116
4297
1779
0
0
0
0
250
0
1484
2653
4004
1
0
0
1528
0
5
3774
1885
373
0
0
88
219
4
0
1
12
0
0
92
0
3175
5116
31
382
0
3154
2596
3245
0
4
989
0
5116
5
5116
2056
4751
2420
3
1371
5116
2596
3245
35
4751
0
205
147
0
813
3680
21
1761
4297
106
126
2550
5
5
0
0
449
0
5116
3590
0
0
5116
2252
1
5116
0
5116
0
2420
1006
518
205
1
5
129
2653
2
69
1125
2653
1843
5116
5
4751
2653
5116
0
139
45
1081
4751
0
5
634
1376
4692
2162
5116
205
3605
5116
5116
602
5317
100
1332
25
27
5317
10
2653
15
5116
5
15
0
1
2837
373
5317
373
3
1352
5116
0
5116
373
26
5116
0
4751
2
0
0
0
405
405
5
873
1
191
0
4297
89
312
5317
2596
3245
0
2391
119
2343
330
4692
425
0
0
1647
0
1547
1
0
620
5317
25
5116
142
4751
4642
25
3
5
30
4
4751
3995
0
405
405
280
1283
280
1649
0
3182
5116
5
2036
280
5116
280
280
280
280
185
0
312
280
280
280
280
373
5116
0
5116
0
2420
148
5116
0
0
31
0
0
0
5116
196
83
5
0
0
0
3
4751
602
29
189
0
3636
2420
129
2653
716
0
5116
0
5116
1655
604
405
405
5
5
0
0
5116
1086
23
4297
1
89
31
1790
1539
44
2653
5116
0
3
15
173
65
0
542
150
0
0
1279
0
0
0
92
61
92
1134
0
5116
0
5
5116
92
5116
842
0
5116
0
5
0
1
5
0
15
15
19
4751
1387
1526
65
777
0
0
5
5116
1385
45
0
0
3501
976
2924
4751
5116
5
0
44
4751
0
0
5
0
0
1
312
310
373
0
5116
88
645
4297
334
0
4692
0
0
45
1747
63
4751
5116
95
5116
205
5
800
1086
92
5
4692
4297
5
1066
374
1
4751
5116
0
65
0
879
205
690
0
5
3
1298
4751
0
0
5116
4751
0
5116
45
2381
1209
3490
3471
1526
5116
5
4751
5
4751
0
4751
5116
5
4751
5116
802
4751
1830
5116
1528
0
5116
1795
5
5
4751
5255
5
0
0
1418
2
1998
5
5
5
5
373
0
345
0
5
358
0
4751
1
2364
1232
0
5
379
69
5116
5
5116
683
280
280
280
280
4751
280
280
280
1374
4
5
280
405
405
1066
280
280
0
20
2563
4751
25
320
2125
5116
280
5
0
280
0
280
280
280
5317
280
280
280
280
280
5
280
2420
405
405
1
0
403
403
69
1
92
1
405
405
5116
5116
1
772
1
4751
0
1
0
1
1095
132
0
77
0
330
0
1
1
772
2563
5116
87
1
69
4
0
4751
8
0
224
566
5
0
0
158
15
310
2420
0
0
4751
4751
4297
5116
34
1943
5
0
4751
756
5116
5116
3286
772
107
0
1467
4751
0
1783
2029
3231
2192
3286
0
1455
196
5116
373
5116
0
20
196
5116
1081
2192
0
0
335
4751
5
25
3839
343
0
25
1803
1
0
5
5116
0
47
600
34
5
5116
15
5
0
0
15
92
374
3231
0
2805
1
4751
2
5
1918
1
740
5116
2874
1
12
0
832
981
1
5116
2563
69
0
546
1
290
498
5116
446
196
89
5
0
1595
2
1249
5
1081
1
331
5
4751
5116
16
0
1081
0
1547
89
1
0
0
97
2251
747
1001
5116
0
5116
322
1
82
1
89
92
4751
0
0
0
25
33
0
3518
1635
5116
1
0
0
5116
5
5
56
5116
3034
0
5
2001
0
4297
0
1
1182
1845
2420
519
5
919
0
4751
4297
2795
5
1
668
1853
205
0
683
16
405
405
5
181
0
0
14
0
231
4601
2065
4751
5
15
2162
0
686
0
0
1292
4
2162
144
5
4751
5116
1294
1
0
5
0
0
0
205
2
373
654
1096
4751
373
5116
0
434
2
483
419
0
2653
310
3021
5
2
5116
6
20
5116
1547
4751
5116
1885
4751
9
0
5116
1279
353
0
760
5116
0
0
5116
5
1484
7
66
1
5
1559
87
0
66
0
0
280
31
46
194
196
280
20
280
0
4751
0
280
280
280
280
280
0
0
4096
5
280
2364
280
6
12
280
1319
1319
0
2420
5116
280
1319
1319
280
280
280
0
0
1319
1319
5116
1319
1319
72
259
280
280
0
1319
1319
280
1319
1319
280
0
1
289
280
0
5
0
311
0
5116
0
5116
5116
0
4
3175
0
5
15
116
1
3
310
0
5161
2437
2162
2563
0
61
92
373
0
0
45
0
1588
0
5
449
4297
5317
5317
5317
4751
5317
5317
34
9
5317
5317
28
157
5317
5317
5
5116
5
0
0
2
0
132
5317
5
5116
5
667
0
0
1
105
4751
0
0
0
5
5116
5116
0
517
3231
3286
5116
3286
3231
3231
3286
0
1
0
1528
0
5116
5
5116
583
224
699
1
1469
0
4751
1086
4751
5116
505
4751
0
0
0
873
727
2086
493
172
62
0
0
4751
0
121
1097
1
1
5116
69
5116
5
89
0
4751
686
5116
0
224
3
1
0
5
1
48
1393
2563
5116
0
0
5116
5116
0
5116
1970
0
5
11
15
5116
170
5
19
19
0
1528
2
4
686
0
5116
47
96
5
0
4751
0
1
2821
0
5116
0
0
446
4692
224
96
0
0
0
4751
534
89
93
93
93
5116
5116
2162
368
5
5116
0
5
5116
241
5116
5116
505
505
517
5116
0
5116
5116
5116
609
21
280
0
0
4751
0
1
2364
0
280
114
716
280
5
1526
280
88
1
280
5
0
219
1044
1
1294
413
280
5
4751
142
280
208
0
1904
0
2420
1
7
280
1547
280
5317
5317
5317
4751
134
280
5317
280
280
0
5
5317
861
5
0
280
4751
5317
21
196
0
5317
5317
4692
5317
5
5317
0
5317
89
3231
3231
4751
1393
5
0
3231
1
1842
0
5
0
373
15
53
5116
5
0
0
10
118
436
19
4751
0
0
2420
3
5116
4751
0
205
964
5
0
160
748
716
2420
0
5116
829
0
1081
5116
1054
5116
0
1
5116
772
3313
0
373
0
2
5
0
373
0
5
0
1279
1279
15
89
157
5376
0
3
0
277
2502
5
2869
4183
4
262
1
1320
434
1528
0
5
5116
1801
0
0
716
0
5116
5
2437
2364
2320
5
0
5
0
0
5116
1555
0
1526
4509
5116
5116
280
212
0
0
5116
0
630
0
1
867
4692
58
0
405
405
21
112
0
81
0
5
0
0
3
0
19
242
0
0
0
45
3
96
43
0
29
2420
5116
0
2
0
5116
3
1743
5
5
5116
0
200
37
235
566
1
1147
5
0
1970
0
373
5
4751
716
5116
1447
4692
198
4751
0
0
4751
4751
3175
66
0
5
719
0
36
4358
764
0
2
47
1
4751
5
373
3
5
5
1
2
5
5
5
18
1354
0
2
5
9
196
2364
4751
5116
25
1196
0
229
5116
1
3429
0
0
280
280
1
280
280
280
280
2420
280
280
280
280
280
280
825
3
617
280
0
4914
280
280
456
249
5116
280
70
1
280
280
280
280
280
280
280
280
5317
13
1691
1
0
1351
1351
4914
0
1373
4751
764
0
3079
0
0
5116
92
5317
5116
1442
9
6
0
5317
6
0
1
6
0
4751
960
0
0
0
3231
15
3231
3231
3231
15
3231
3231
3231
2367
3
3
3231
3231
0
0
0
0
2
5116
0
1817
5116
5116
375
92
5116
0
0
1086
5116
6
964
235
235
1279
1
0
825
6
1279
168
5116
9
4751
4692
0
0
0
27
0
1391
0
6
5116
0
0
0
5116
0
6
0
3420
6
938
655
373
5116
1
0
0
716
219
219
964
5116
6
1821
5116
302
6
92
5116
0
289
345
5116
138
92
0
4751
5116
5116
0
1207
716
5116
0
2143
0
4751
964
5116
6
25
1105
2337
4751
5116
5116
655
0
5116
0
1
5116
5116
5116
0
0
6
6
5116
0
0
203
0
1740
1352
65
6
2420
1728
711
670
6
936
5116
6
860
6
1081
6
0
5116
3175
4692
6
5116
455
5116
2230
5116
5116
12
2126
6
3338
2162
0
1764
140
2162
140
121
140
140
1607
140
6
1731
1078
61
92
0
3
44
0
0
828
0
964
0
0
87
1
0
0
0
0
359
1412
0
104
6
1856
1265
0
5116
638
3
2612
5116
0
2420
0
864
0
5116
864
0
0
6
5116
1081
108
4478
0
0
0
550
5116
52
0
0
1
1209
587
0
864
6
2867
419
321
3175
4751
5116
1081
1
0
5116
305
2772
429
0
72
0
0
4751
5116
1821
1614
63
5116
0
572
0
4751
219
4
9
0
1698
0
5116
2579
1375
2612
143
4751
427
189
17
5116
6
0
5317
5317
5317
5317
5116
0
1243
5116
5116
0
0
0
1949
3231
0
970
1
5317
5317
4751
3231
63
3231
5116
0
0
5116
1528
5116
5116
5116
5
1764
6
0
280
5116
280
280
280
280
5116
280
280
280
280
280
916
77
280
280
433
280
280
0
280
280
280
280
280
280
0
0
280
0
0
6
3231
280
3231
700
1279
192
5317
5116
132
5116
99
5317
2257
25
25
5317
68
1116
1279
1279
1279
1245
1279
1279
1279
4751
0
0
13
4495
1
6
0
0
6
4327
1528
2
372
3053
17
5116
290
964
6
200
93
5116
554
0
55
716
0
117
117
0
5116
0
117
117
2949
0
0
5116
679
0
1384
117
117
2237
0
2343
1
5116
0
899
1
6
249
2420
6
0
0
0
2162
0
0
17
3841
0
0
186
4751
1
1107
59
5116
6
1003
1003
1087
0
0
5116
0
5116
717
0
3956
3804
5116
1272
491
4751
423
1
0
1428
1472
6
0
4751
1759
952
6
5116
1
149
1528
2
1
0
5116
0
1
1
1
5116
4751
229
5116
3400
0
5
1843
0
4751
3830
0
0
5
3482
0
4751
175
7
0
1366
23
0
1
0
3675
1739
1
5
1528
111
0
0
419
4692
5
0
1
5
882
1
1
2420
192
0
5116
5
5
4751
0
0
1620
1
2420
0
0
0
0
4
34
0
3
0
1341
0
0
546
5
0
2364
4236
0
1917
5116
5116
2241
0
0
6
61
92
92
4692
0
0
6
964
2420
6
69
5116
0
2420
6
716
4751
0
0
6
0
1963
6
1
1970
88
0
0
2348
1082
4751
0
0
6
5899
1300
299
5116
1
0
0
5116
1617
0
0
0
0
0
5116
5
5116
5116
5
5116
0
5116
107
4751
5116
0
0
36
1329
4751
289
383
5116
4751
0
0
5116
0
774
6
5116
0
1679
6
5116
9
0
5116
0
231
772
231
2420
4
0
5116
1
1
5116
6
35
4358
5116
1528
5116
5116
144
87
1021
90
5116
6
2420
6
2420
2420
0
5116
4751
5116
4
5116
5116
0
0
5116
5116
0
5116
5116
5116
2420
0
1970
5116
104
1
765
2420
5116
5116
0
225
4751
6
2420
2420
0
0
5116
0
4751
3043
6
0
5116
3
0
454
2420
5116
0
5116
184
0
1528
5116
864
0
138
0
1228
19
3
1299
6
5116
5116
0
3
5116
1
0
5116
0
0
2165
6
0
2
0
865
0
196
196
196
196
196
196
0
0
5116
486
1003
486
566
196
196
343
0
196
196
0
196
196
196
196
5116
231
1125
5116
0
44
1
4751
5116
5116
373
108
1889
5116
521
6
5116
0
5116
5116
431
1
5116
0
1245
857
0
0
6
0
5312
63
0
0
142
5116
1795
964
5116
1281
0
0
964
0
6
679
5116
5116
0
0
0
127
823
14
91
1586
186
0
0
392
5116
1061
463
3008
6
5116
0
4751
2
436
0
1528
0
6
1203
0
6
0
92
5116
0
6
5116
0
5116
0
872
3175
2420
5116
229
4751
1
1
221
5116
5116
0
0
70
5116
1087
0
144
5116
5116
2741
1706
645
196
0
496
20
4751
0
2420
1
280
2
5116
0
303
0
1358
371
1736
0
0
5116
3175
15
5116
6
0
3830
6
183
1
0
0
0
0
280
6
280
3231
3231
5116
280
280
280
280
280
280
280
280
280
280
280
280
6
280
5116
280
280
280
280
1105
5116
280
2420
280
1113
1279
280
1279
280
371
0
1279
5116
4751
1279
1279
1
1581
5116
0
4751
0
6
3231
5116
1528
3231
8
0
5116
5012
8
5116
1742
8
65
134
5116
15
740
0
7
5116
0
5116
964
5116
5116
0
2
5116
2511
2
664
2
517
5116
8
1
5116
5116
0
1
2
103
373
490
1
1444
2
0
365
87
87
0
0
0
5116
0
47
8
170
113
2
5116
0
5116
0
5116
935
0
0
2939
0
2420
0
2420
2420
15
86
2420
393
15
2420
15
2420
2162
1
4
0
0
6
6
2420
6
0
2909
1
716
5116
1794
209
6
5116
2420
0
1669
2420
1
0
2420
0
2
5116
0
5116
301
231
1933
3
0
366
0
5116
0
0
5116
0
5116
6
0
5116
1065
0
5116
0
3175
2420
5317
0
5317
14
5317
1
132
5116
964
5116
2667
0
4751
5116
6
113
968
85
5116
5317
5317
13
6
7
0
72
5116
3794
5317
5317
5317
5317
0
1
2015
964
273
6
114
3429
5116
5116
0
1
5
0
196
6
6
6
5116
0
1
5116
5116
71
2343
289
5116
1970
398
1105
0
5116
6
5116
4601
2420
931
0
0
5116
63
484
0
5116
0
29
0
0
0
1279
1279
1279
1279
5
6
5116
517
5116
2420
5116
1
57
4751
0
553
0
5116
5116
0
2104
2420
0
1528
377
2420
6
4358
0
2420
5116
3263
1970
4751
235
1970
0
2
1
1
2420
1
373
3372
2420
4751
716
0
5116
0
6
30
4751
5116
2420
5116
3231
280
3231
280
0
1
280
3231
4751
1113
5116
1528
5116
0
5116
0
280
5116
5116
5116
1582
280
92
280
280
3093
280
666
280
280
4
280
2420
280
356
280
280
0
5116
0
3
6
1970
5116
58
2163
2420
1643
0
5116
92
5116
5116
2420
0
15
299
5173
0
0
1
2071
289
716
146
0
2420
4
1429
0
1843
58
6
0
0
0
0
2
5116
598
0
0
1
0
0
1565
1565
0
5116
4751
1565
1565
292
4751
4751
15
1299
1016
4509
231
1
5116
0
5
0
0
1063
1
332
70
1
5116
5116
0
772
5116
5
5116
0
5
0
2162
2013
1528
0
0
289
5116
0
92
5116
5116
0
5116
0
5
1528
0
143
11
0
96
129
0
0
0
6
164
5116
5
88
5
2
35
289
2420
1
4751
772
13
0
296
195
4751
5116
5116
205
2702
3
1
639
639
406
5317
5116
0
896
896
5116
13
1324
2162
909
0
13
3628
691
5317
0
0
5
5116
0
5317
94
3148
5116
5317
1798
5116
2960
0
5116
5
0
5116
0
4751
0
253
276
0
6
1
2420
1
0
3550
5116
0
0
295
829
0
4751
4692
0
2914
0
3231
4751
0
17
1
38
5116
3231
0
4751
32
151
13
1751
1151
0
2264
1
0
2
5116
13
3231
3231
3231
1
3
2420
3231
3231
42
5116
1
2420
0
5116
1
0
6
666
3
5
67
280
280
280
280
280
280
280
280
280
280
280
280
280
280
5116
5116
5116
280
1
3175
280
0
280
280
280
1283
280
13
1970
0
280
280
67
2420
6
1202
0
206
0
0
1482
4751
5116
0
0
4751
0
3
195
5116
0
2420
188
0
26
1
6
5116
5116
0
41
0
6
5116
0
0
608
124
175
5116
2
92
1970
82
0
0
3
655
1721
1
0
1803
5116
0
5116
3078
1
0
1
1970
5116
1
6
26
0
5
0
733
5116
5116
5116
5116
0
0
1
5116
5116
5116
5116
1
614
2
123
1
0
975
5116
5116
180
0
1081
2472
2420
0
5116
41
15
5116
1
240
1279
0
3
4
6
6
0
5
0
5116
5116
235
0
5116
5116
6
0
6
47
106
5116
0
4389
4751
5116
3
5116
1387
0
92
2420
15
13
2420
13
0
1
5317
23
5116
5116
2914
2420
0
180
0
0
8
0
4751
2420
842
115
0
1970
0
6
6
2
5116
5116
2420
1970
4751
51
0
0
1
0
4751
361
517
5116
0
3231
15
1139
580
6
2
1
3231
0
6
5116
1450
5116
0
292
0
0
1484
5116
40
1
22
0
1217
2420
5116
0
5116
6
92
4751
0
291
991
13
5116
127
539
0
0
81
156
5116
4751
0
3231
0
0
0
0
0
0
0
0
0
0
1405
0
1
5
0
4751
0
0
5116
0
21
54
5116
277
289
1105
1
976
0
6
6
6
772
3429
0
4751
1081
179
280
97
5116
4
0
3
5116
456
5116
6
218
6
6
13
1334
1352
280
0
1477
0
196
196
1
931
1388
0
6
280
5116
280
280
280
280
280
280
280
280
37
280
280
1961
196
196
196
196
5116
0
5116
1
6
5116
5116
0
92
5116
196
196
2420
196
196
280
196
196
280
196
196
280
196
196
280
1279
196
196
280
196
196
196
196
196
196
0
1279
280
67
5116
23
0
1014
23
23
0
0
286
3340
1499
23
0
23
0
23
5
5116
5116
81
4
1648
445
5116
5116
5116
225
0
0
0
358
566
6
1
2084
1020
1
0
0
1
1076
6
504
1151
0
11
302
92
6
490
5116
0
0
2162
4751
5116
5116
3
6
172
0
551
6
186
366
92
1073
5116
6
2420
6
5116
0
5116
5116
1
22
1
15
15
1
1081
810
6
1
117
5116
0
4751
0
6
180
6
0
693
373
5116
0
266
2914
0
4751
614
0
3021
120
14
6
2008
0
0
0
0
0
0
0
6
4709
0
1
0
399
0
5317
5317
5317
5317
5317
0
814
5317
0
2420
5317
6
69
0
5116
87
1
1
3359
1970
6
119
4692
2983
0
5116
0
861
0
0
772
4751
517
36
0
13
3429
173
5116
941
0
0
68
0
6
0
163
47
31
5116
0
3429
1631
136
0
6
5116
2
0
3
2545
2
0
3
5116
1
2914
517
4751
1
289
13
1
6
2914
0
0
1
926
114
4
0
1055
2420
2
373
2420
2116
0
40
517
1
5116
5
21
0
1
6505
6505
6505
0
6
2
1588
6
0
6
6
5116
0
1
653
0
6
5116
2420
2587
5116
2420
5116
0
474
6
0
6
1123
4373
757
772
701
0
4126
1
1583
0
191
0
25
196
196
0
964
0
6505
6505
6505
4751
0
0
6
1
6
6
0
1795
0
6
1002
918
6
5116
0
716
285
5317
5317
5317
0
5
70
5317
464
175
5317
5317
5116
3720
5116
4751
5116
5116
5116
2
5116
2
5116
14
1105
96
19
6
5116
3176
2420
5317
0
6
0
19
5317
5317
5317
0
5116
0
0
6
169
4751
5116
0
6
0
15
6
0
5116
5116
5116
5317
5317
5317
5317
6
1
0
5116
0
9
196
196
196
196
196
196
5116
196
196
2
4
196
196
196
196
298
5116
196
196
196
196
196
196
5116
1811
289
5116
0
1528
2914
2420
5116
3
0
6
1
285
1297
143
0
0
0
0
0
3589
30
1042
1355
2162
6
159
159
5116
729
70
3
19
262
4751
821
5116
1
127
656
1
2162
140
0
6
1
6
0
520
0
1409
90
0
5116
99
1220
759
3175
1047
0
0
87
0
0
0
898
6
4692
5
6
4751
92
254
5116
0
87
2006
13
1
1
1790
5
0
5116
1
5116
5116
196
18
5
73
5116
4751
0
5116
13
0
2
329
2042
3231
367
6
358
3231
318
2
3
3429
1561
5116
3231
3231
5
3231
1
3231
3231
0
3231
3231
0
3231
5116
56
56
4751
0
0
4751
5116
649
5116
0
864
6
0
1333
754
654
0
5116
0
120
0
267
955
4358
5116
92
0
5116
0
5092
2420
0
0
1067
462
2162
2
6
289
0
15
0
5116
92
192
329
289
0
5116
1173
9
654
4692
647
5317
1125
1357
0
6
164
0
419
1
1602
0
0
0
2420
3644
0
5317
13
6
5317
5317
561
52
4751
2
4692
561
6
0
4193
0
4751
0
864
0
2085
2184
185
0
5116
92
0
3
5116
5116
2113
0
1253
0
513
290
5116
2420
6
6
4751
0
0
6
5116
0
0
0
0
0
5116
91
4751
5116
0
1876
0
4751
1668
1
1970
1
6
5116
0
3
103
2179
0
5116
0
4751
1
0
2420
2420
2420
0
6
4751
6
2209
2420
4751
6
0
639
5116
2162
3231
92
289
112
2
4751
5116
4751
1970
2420
2420
5116
56
56
2818
702
579
1790
1584
0
0
196
3231
2456
0
92
1
964
0
5116
0
1728
3231
0
6
3231
0
98
0
118
2420
5116
5116
0
6
3
87
6
69
6
16
1223
5116
13
2420
235
5116
0
1
5116
35
0
5116
5116
6505
6505
6505
0
0
0
105
1067
553
1
6
805
0
43
148
284
1970
0
1970
5
2914
1780
332
317
2420
6
1
5317
5317
5317
5116
5317
0
5317
2420
2
2083
0
5317
0
5317
5317
1528
5
5317
1906
0
5116
5317
1105
0
5116
35
5317
0
5116
5116
5116
762
5116
4751
1373
823
505
505
3175
517
0
274
0
0
964
50
0
1089
283
3175
715
772
2
2420
0
5116
1466
2420
6
2420
0
5116
0
5116
872
3167
2914
5116
2162
0
757
37
0
3077
0
1843
5
0
227
5116
4751
6
1471
1970
2420
4751
1
2420
6
0
0
0
5
5116
0
187
1
0
97
7
6505
6505
6505
0
0
12
1970
0
1
1105
152
61
45
235
235
5116
4751
0
0
44
5116
0
0
66
1
6
5116
2420
0
0
6
327
5116
2420
427
59
2643
5116
127
0
1740
4358
6
5116
173
69
0
4751
5116
5116
0
2345
1
3231
5116
0
5116
517
45
0
5
1279
5116
1279
35
0
1279
3231
3231
1528
1279
1279
1279
5116
1
758
2420
4751
0
0
206
92
106
2545
1859
4692
0
0
6
175
5116
964
6505
6505
6505
6
0
2545
3
2066
3
0
5116
870
0
2
2
0
6
5116
47
521
87
5116
3
158
936
382
5116
2420
2670
0
4751
0
4692
5116
1970
0
1129
1171
30
5116
2653
4751
0
2420
4123
4751
0
1
576
2653
5116
2420
290
5116
20
0
7
196
6
3175
5116
4
6
5116
92
5116
1
452
2653
5317
235
235
881
5317
362
1
5317
716
2058
5317
5317
0
491
2503
1935
55
47
758
6
86
92
1970
829
0
5
0
0
69
4
572
0
0
680
0
5317
6
1584
2420
0
5317
5317
5317
5317
564
6
5116
5317
5317
6505
6505
6505
5317
2653
5317
5317
0
1
97
6
5116
2420
1466
6
2653
92
5116
0
2420
55
2
5116
0
0
0
0
1
23
13
13
5116
105
5116
131
5116
380
4751
4751
5116
3805
231
95
2420
407
3429
214
5116
3175
207
0
0
2420
92
2162
2653
3
6
5116
5116
2
2420
5116
0
6505
6505
6505
2653
0
0
1049
1870
5116
5116
5116
107
37
5116
879
6
230
2
1446
0
6
47
290
5116
99
4
235
235
9
0
5116
5116
94
5116
5116
862
864
1401
3231
3231
3231
0
5116
252
0
658
744
5116
6
1178
252
5116
1
6
5116
275
3585
5
44
235
235
4751
0
5116
755
670
0
772
1
20
0
0
1
2056
113
0
2772
3231
0
3231
3231
1841
1804
3231
667
5116
6
2347
6
2002
5116
5
5116
15
4751
0
114
0
0
160
0
13
2653
0
2653
0
1908
565
716
5116
0
0
5116
1795
6
1081
5116
0
47
5116
0
0
5116
0
0
4
5116
0
102
0
3
1125
1105
772
1
3429
3
6
0
2653
2
2
2653
3
0
1833
3830
44
6
3
0
1
6
0
2612
2
764
3
3
5116
0
69
44
1843
5116
6
4751
1580
667
3
2162
90
1
5116
0
9
154
6
1024
1496
1317
0
85
2420
0
335
0
7
0
5116
5116
5
2653
1496
1317
402
2531
161
1
380
8
0
578
578
5116
1040
0
1
2420
6
2653
144
235
235
47
4751
0
45
0
1970
2653
0
0
235
235
5
6
0
299
70
0
0
1
1676
5116
0
1
0
2612
2
225
0
5116
5116
0
764
49
1078
0
0
1
2653
0
45
0
2807
1255
5317
313
4358
5317
5317
69
1
13
5317
3429
5317
3
5317
543
5317
4751
258
6
802
235
235
92
6
6
0
0
2653
2653
6
0
45
0
5116
586
0
5116
0
189
2653
15
716
9
513
864
1428
616
5116
2514
1528
578
1312
235
235
0
1279
0
0
1
0
4
0
5317
0
5
0
1949
464
5116
5116
2420
0
5116
5116
0
0
6
3839
5116
5116
3231
3231
0
1949
0
5116
196
0
2
5116
1
219
3
0
0
0
0
775
5
0
144
2420
163
0
6
0
1098
1416
15
0
6
36
82
130
802
2420
1970
0
2162
0
4751
5116
6
6
2914
3
0
127
5116
5116
2420
0
2420
782
0
5116
2
622
964
5116
68
0
0
795
0
2420
119
289
661
2183
6
0
49
2914
6
2003
6
0
0
0
0
1
0
831
2420
1123
0
0
6
1299
2250
290
0
656
26
658
6
2653
5116
0
5
0
407
6
25
1
0
2653
1
2019
2420
1120
2
6
0
0
0
4692
2165
1
5116
5116
5116
1105
2
1528
2420
5116
6
0
4751
3951
5116
1005
5116
5116
164
1
1651
0
1
87
0
2420
6
6
0
6
69
1515
5116
6
0
6
950
5116
0
1105
2653
0
488
0
2
2420
12
0
2420
0
0
0
0
5116
1744
0
0
5116
0
2653
5116
5116
110
1790
6
2162
0
0
0
0
2653
25
5116
2042
2420
5116
131
0
0
2420
5116
0
0
197
772
0
0
5116
1
87
1795
2420
5116
0
1617
5116
305
1720
1481
7
13
6
6
2653
762
2420
3949
462
0
1
770
574
5116
0
0
0
609
4751
2420
5116
4751
1970
4751
1
3476
5116
2
1
0
294
0
6
158
1129
0
4751
1970
5116
0
3518
8
547
2420
5
0
342
112
4
373
159
5
5116
112
233
1
1970
1
2420
5116
0
1970
217
0
1970
2420
0
716
5116
517
120
6
1528
5116
341
3
2420
0
89
0
0
1
5116
2162
1
5116
5116
5116
1
4751
4751
5116
124
6
1
1856
4751
0
592
0
1265
0
18
964
5116
1528
2653
290
2653
6
6
5116
5116
0
0
6
0
0
1970
595
239
6
6
2653
5116
4751
5116
0
4751
4751
1227
5116
5116
0
0
0
280
77
5116
2653
4751
5116
2858
1
3
0
5116
0
5116
5116
5116
6
2420
1
5116
2653
5116
373
5116
0
4751
5116
4692
5
2420
1629
5116
2653
1970
4751
6
141
0
1
772
1288
0
0
47
0
2653
2420
2320
0
5116
253
86
0
762
0
0
4751
1932
92
0
0
2420
103
5116
1358
3
1044
6
1381
5087
5
2042
2
92
0
628
772
0
470
2
1
5116
7
4751
1125
3244
0
3830
5
0
6
131
8
0
4751
5116
5116
5116
5116
0
4
2858
896
1
0
2420
5116
5116
5116
4751
70
1
44
6
896
69
2420
92
6
0
1
293
2653
63
191
4751
2653
0
3175
4751
0
6
5
2644
0
5116
5116
1
92
0
92
5116
5116
2162
0
2420
6
29
6
1856
3
1105
1279
1279
0
6
6
1279
2653
